         231  0.000000000000000E+000  0.480000000000000     
0.000000000E+00	7.988511100E-04	0.000000000E+00	0.000000000E+00	5.000000000E+02	3.000000000E+02
6.000000000E-06	7.988511100E-04	0.000000000E+00	0.000000000E+00	5.000000000E+02	3.000000000E+02
1.200000000E-05	7.988511100E-04	0.000000000E+00	0.000000000E+00	5.000000000E+02	3.000000000E+02
1.800000000E-05	7.988511100E-04	0.000000000E+00	0.000000000E+00	5.000000000E+02	3.000000000E+02
2.400000000E-05	7.988511100E-04	0.000000000E+00	0.000000000E+00	5.000000000E+02	3.000000000E+02
3.000000000E-05	7.988511100E-04	0.000000000E+00	0.000000000E+00	5.000000000E+02	3.000000000E+02
3.600000000E-05	7.988511100E-04	0.000000000E+00	0.000000000E+00	5.000000000E+02	3.000000000E+02
4.200000000E-05	7.988511100E-04	0.000000000E+00	0.000000000E+00	5.000000000E+02	3.000000000E+02
4.800000000E-05	7.988511100E-04	0.000000000E+00	0.000000000E+00	5.000000000E+02	3.000000000E+02
5.400000000E-05	7.988511100E-04	0.000000000E+00	0.000000000E+00	5.000000000E+02	3.000000000E+02
6.000000000E-05	7.988511100E-04	0.000000000E+00	0.000000000E+00	5.000000000E+02	3.000000000E+02
6.600000000E-05	7.988511100E-04	0.000000000E+00	0.000000000E+00	5.000000000E+02	3.000000000E+02
7.800000000E-05	7.988511100E-04	0.000000000E+00	0.000000000E+00	5.000000000E+02	3.000000000E+02
1.020000000E-04	7.988511100E-04	0.000000000E+00	0.000000000E+00	5.000000000E+02	3.000000000E+02
1.500000000E-04	7.988511100E-04	0.000000000E+00	0.000000000E+00	5.000000000E+02	3.000000000E+02
2.460000000E-04	7.988511100E-04	0.000000000E+00	0.000000000E+00	5.000000000E+02	3.000000000E+02
4.380000000E-04	7.988511100E-04	0.000000000E+00	0.000000000E+00	5.000000000E+02	3.000000000E+02
8.220000000E-04	7.988511100E-04	0.000000000E+00	0.000000000E+00	5.000000000E+02	3.000000000E+02
1.590000000E-03	7.988511100E-04	0.000000000E+00	0.000000000E+00	5.000000000E+02	3.000000000E+02
3.126000000E-03	7.988511100E-04	0.000000000E+00	0.000000000E+00	5.000000000E+02	3.000000000E+02
4.356000000E-03	7.988511100E-04	0.000000000E+00	0.000000000E+00	5.000000000E+02	3.000000000E+02
5.586000000E-03	7.988511100E-04	0.000000000E+00	0.000000000E+00	5.000000000E+02	3.000000000E+02
6.806250000E-03	7.988511100E-04	0.000000000E+00	0.000000000E+00	5.000000000E+02	3.000000000E+02
7.717500000E-03	7.988511100E-04	0.000000000E+00	0.000000000E+00	5.000000000E+02	3.000000000E+02
8.325000000E-03	7.988511100E-04	0.000000000E+00	0.000000000E+00	5.000000000E+02	3.000000000E+02
8.730000000E-03	7.988511100E-04	0.000000000E+00	0.000000000E+00	5.000000000E+02	3.000000000E+02
9.000000000E-03	7.988511100E-04	0.000000000E+00	0.000000000E+00	5.000000000E+02	3.000000000E+02
9.180000000E-03	7.988511100E-04	0.000000000E+00	0.000000000E+00	5.000000000E+02	3.000000000E+02
9.300000000E-03	7.988511100E-04	0.000000000E+00	0.000000000E+00	5.000000000E+02	3.000000000E+02
9.420000000E-03	7.988511100E-04	0.000000000E+00	0.000000000E+00	5.000000000E+02	3.000000000E+02
9.600000000E-03	7.988511100E-04	0.000000000E+00	0.000000000E+00	5.000000000E+02	3.000000000E+02
9.900000000E-03	7.988511100E-04	0.000000000E+00	0.000000000E+00	5.000000000E+02	3.000000000E+02
1.170000000E-02	7.988511100E-04	0.000000000E+00	0.000000000E+00	5.000000000E+02	3.000000000E+02
1.200000000E-02	7.988511100E-04	0.000000000E+00	0.000000000E+00	5.000000000E+02	3.000000000E+02
1.218000000E-02	7.988511100E-04	0.000000000E+00	0.000000000E+00	5.000000000E+02	3.000000000E+02
1.230000000E-02	7.988511100E-04	0.000000000E+00	0.000000000E+00	5.000000000E+02	3.000000000E+02
1.242000000E-02	7.988511100E-04	0.000000000E+00	0.000000000E+00	5.000000000E+02	3.000000000E+02
1.260000000E-02	7.988511100E-04	0.000000000E+00	0.000000000E+00	5.000000000E+02	3.000000000E+02
1.287000000E-02	7.988511100E-04	0.000000000E+00	0.000000000E+00	5.000000000E+02	3.000000000E+02
1.327500000E-02	7.988511100E-04	0.000000000E+00	0.000000000E+00	5.000000000E+02	3.000000000E+02
1.388250000E-02	7.988511100E-04	0.000000000E+00	0.000000000E+00	5.000000000E+02	3.000000000E+02
1.479375000E-02	7.988511100E-04	0.000000000E+00	0.000000000E+00	5.000000000E+02	3.000000000E+02
1.601400000E-02	7.988511100E-04	0.000000000E+00	0.000000000E+00	5.000000000E+02	3.000000000E+02
1.724400000E-02	7.988511100E-04	0.000000000E+00	0.000000000E+00	5.000000000E+02	3.000000000E+02
1.847400000E-02	7.988511100E-04	0.000000000E+00	0.000000000E+00	5.000000000E+02	3.000000000E+02
2.001000000E-02	7.988511100E-04	0.000000000E+00	0.000000000E+00	5.000000000E+02	3.000000000E+02
2.077800000E-02	7.988511100E-04	0.000000000E+00	0.000000000E+00	5.000000000E+02	3.000000000E+02
2.116200000E-02	7.988511100E-04	0.000000000E+00	0.000000000E+00	5.000000000E+02	3.000000000E+02
2.135400000E-02	7.988511100E-04	0.000000000E+00	0.000000000E+00	5.000000000E+02	3.000000000E+02
2.145000000E-02	7.988511100E-04	0.000000000E+00	0.000000000E+00	5.000000000E+02	3.000000000E+02
2.149800000E-02	7.988511100E-04	0.000000000E+00	0.000000000E+00	5.000000000E+02	3.000000000E+02
2.152200000E-02	7.988511100E-04	0.000000000E+00	0.000000000E+00	5.000000000E+02	3.000000000E+02
2.153400000E-02	7.988511100E-04	0.000000000E+00	0.000000000E+00	5.000000000E+02	3.000000000E+02
2.154000000E-02	7.988511100E-04	0.000000000E+00	0.000000000E+00	5.000000000E+02	3.000000000E+02
2.154600000E-02	7.988511100E-04	0.000000000E+00	0.000000000E+00	5.000000000E+02	3.000000000E+02
2.155200000E-02	7.988511100E-04	0.000000000E+00	0.000000000E+00	5.000000000E+02	3.000000000E+02
2.155800000E-02	7.988511100E-04	0.000000000E+00	0.000000000E+00	5.000000000E+02	3.000000000E+02
2.156400000E-02	7.988511100E-04	0.000000000E+00	0.000000000E+00	5.000000000E+02	3.000000000E+02
2.157000000E-02	7.988511100E-04	0.000000000E+00	0.000000000E+00	5.000000000E+02	3.000000000E+02
2.157600000E-02	7.988511100E-04	0.000000000E+00	0.000000000E+00	5.000000000E+02	3.000000000E+02
2.158200000E-02	7.988511100E-04	0.000000000E+00	0.000000000E+00	5.000000000E+02	3.000000000E+02
2.158800000E-02	7.988511100E-04	0.000000000E+00	0.000000000E+00	5.000000000E+02	3.000000000E+02
2.159400000E-02	7.988511100E-04	0.000000000E+00	0.000000000E+00	5.000000000E+02	3.000000000E+02
2.160000000E-02	7.988511100E-04	0.000000000E+00	0.000000000E+00	5.000000000E+02	3.000000000E+02
2.160600000E-02	7.988511100E-04	0.000000000E+00	0.000000000E+00	5.000000000E+02	3.000000000E+02
2.161800000E-02	7.988511100E-04	0.000000000E+00	0.000000000E+00	5.000000000E+02	3.000000000E+02
2.164200000E-02	7.988511100E-04	0.000000000E+00	0.000000000E+00	5.000000000E+02	3.000000000E+02
2.169000000E-02	7.988511100E-04	0.000000000E+00	0.000000000E+00	5.000000000E+02	3.000000000E+02
2.178600000E-02	7.988511100E-04	0.000000000E+00	0.000000000E+00	5.000000000E+02	3.000000000E+02
2.190000000E-02	7.988511100E-04	0.000000000E+00	0.000000000E+00	5.000000000E+02	3.000000000E+02
2.201400000E-02	7.988511100E-04	0.000000000E+00	0.000000000E+00	5.000000000E+02	3.000000000E+02
2.211000000E-02	7.988511100E-04	0.000000000E+00	0.000000000E+00	5.000000000E+02	3.000000000E+02
2.215800000E-02	7.988511100E-04	0.000000000E+00	0.000000000E+00	5.000000000E+02	3.000000000E+02
2.218200000E-02	7.988511100E-04	0.000000000E+00	0.000000000E+00	5.000000000E+02	3.000000000E+02
2.219400000E-02	7.988511100E-04	0.000000000E+00	0.000000000E+00	5.000000000E+02	3.000000000E+02
2.220000000E-02	7.988511100E-04	0.000000000E+00	0.000000000E+00	5.000000000E+02	3.000000000E+02
2.220600000E-02	7.988511100E-04	0.000000000E+00	0.000000000E+00	5.000000000E+02	3.000000000E+02
2.221200000E-02	7.988511100E-04	0.000000000E+00	0.000000000E+00	5.000000000E+02	3.000000000E+02
2.221800000E-02	7.988511100E-04	0.000000000E+00	0.000000000E+00	5.000000000E+02	3.000000000E+02
2.222400000E-02	7.988511100E-04	0.000000000E+00	0.000000000E+00	5.000000000E+02	3.000000000E+02
2.223000000E-02	7.988511100E-04	0.000000000E+00	0.000000000E+00	5.000000000E+02	3.000000000E+02
2.223600000E-02	7.988511100E-04	0.000000000E+00	0.000000000E+00	5.000000000E+02	3.000000000E+02
2.224200000E-02	7.988511100E-04	0.000000000E+00	0.000000000E+00	5.000000000E+02	3.000000000E+02
2.224800000E-02	7.988511100E-04	0.000000000E+00	0.000000000E+00	5.000000000E+02	3.000000000E+02
2.225400000E-02	7.988511100E-04	0.000000000E+00	0.000000000E+00	5.000000000E+02	3.000000000E+02
2.226000000E-02	7.988511100E-04	0.000000000E+00	0.000000000E+00	5.000000000E+02	3.000000000E+02
2.226600000E-02	7.988511100E-04	0.000000000E+00	0.000000000E+00	5.000000000E+02	3.000000000E+02
2.227800000E-02	7.988511100E-04	0.000000000E+00	0.000000000E+00	5.000000000E+02	3.000000000E+02
2.230200000E-02	7.988511100E-04	0.000000000E+00	0.000000000E+00	5.000000000E+02	3.000000000E+02
2.235000000E-02	7.988511100E-04	0.000000000E+00	0.000000000E+00	5.000000000E+02	3.000000000E+02
2.244600000E-02	7.988511100E-04	0.000000000E+00	0.000000000E+00	5.000000000E+02	3.000000000E+02
2.263800000E-02	7.988511100E-04	0.000000000E+00	0.000000000E+00	5.000000000E+02	3.000000000E+02
2.302200000E-02	7.988511100E-04	0.000000000E+00	0.000000000E+00	5.000000000E+02	3.000000000E+02
2.379000000E-02	7.988511100E-04	0.000000000E+00	0.000000000E+00	5.000000000E+02	3.000000000E+02
2.532600000E-02	7.988511100E-04	0.000000000E+00	0.000000000E+00	5.000000000E+02	3.000000000E+02
2.839800000E-02	7.988511100E-04	0.000000000E+00	0.000000000E+00	5.000000000E+02	3.000000000E+02
3.454200000E-02	7.988511100E-04	0.000000000E+00	0.000000000E+00	5.000000000E+02	3.000000000E+02
4.683000000E-02	7.988511100E-04	0.000000000E+00	0.000000000E+00	5.000000000E+02	3.000000000E+02
5.883000000E-02	7.988511100E-04	0.000000000E+00	0.000000000E+00	5.000000000E+02	3.000000000E+02
7.083000000E-02	7.988511100E-04	0.000000000E+00	0.000000000E+00	5.000000000E+02	3.000000000E+02
8.283000000E-02	7.988511100E-04	0.000000000E+00	0.000000000E+00	5.000000000E+02	3.000000000E+02
9.483000000E-02	7.988511100E-04	0.000000000E+00	0.000000000E+00	5.000000000E+02	3.000000000E+02
1.068300000E-01	7.988511100E-04	0.000000000E+00	0.000000000E+00	5.000000000E+02	3.000000000E+02
1.188300000E-01	7.988511100E-04	0.000000000E+00	0.000000000E+00	5.000000000E+02	3.000000000E+02
1.308300000E-01	7.988511100E-04	0.000000000E+00	0.000000000E+00	5.000000000E+02	3.000000000E+02
1.428300000E-01	7.988511100E-04	0.000000000E+00	0.000000000E+00	5.000000000E+02	3.000000000E+02
1.548300000E-01	7.988511100E-04	0.000000000E+00	0.000000000E+00	5.000000000E+02	3.000000000E+02
1.668300000E-01	7.988511100E-04	0.000000000E+00	0.000000000E+00	5.000000000E+02	3.000000000E+02
1.788300000E-01	7.988511100E-04	0.000000000E+00	0.000000000E+00	5.000000000E+02	3.000000000E+02
1.908300000E-01	7.988511100E-04	0.000000000E+00	0.000000000E+00	5.000000000E+02	3.000000000E+02
2.028300000E-01	7.988511100E-04	0.000000000E+00	0.000000000E+00	5.000000000E+02	3.000000000E+02
2.148300000E-01	7.988511100E-04	0.000000000E+00	0.000000000E+00	5.000000000E+02	3.000000000E+02
2.220000000E-01	7.988511100E-04	0.000000000E+00	0.000000000E+00	5.000000000E+02	3.000000000E+02
2.280000000E-01	7.988511100E-04	0.000000000E+00	0.000000000E+00	5.000000000E+02	3.000000000E+02
2.340000000E-01	7.988511100E-04	0.000000000E+00	0.000000000E+00	5.000000000E+02	3.000000000E+02
2.400000000E-01	7.988511100E-04	0.000000000E+00	0.000000000E+00	5.000000000E+02	3.000000000E+02
2.460000000E-01	7.988511100E-04	0.000000000E+00	0.000000000E+00	5.000000000E+02	3.000000000E+02
2.520000000E-01	7.988511100E-04	0.000000000E+00	0.000000000E+00	5.000000000E+02	3.000000000E+02
2.580000000E-01	7.988511100E-04	0.000000000E+00	0.000000000E+00	5.000000000E+02	3.000000000E+02
2.651700000E-01	7.988511100E-04	0.000000000E+00	0.000000000E+00	5.000000000E+02	3.000000000E+02
2.771700000E-01	7.988511100E-04	0.000000000E+00	0.000000000E+00	5.000000000E+02	3.000000000E+02
2.891700000E-01	7.988511100E-04	0.000000000E+00	0.000000000E+00	5.000000000E+02	3.000000000E+02
3.011700000E-01	7.988511100E-04	0.000000000E+00	0.000000000E+00	5.000000000E+02	3.000000000E+02
3.131700000E-01	7.988511100E-04	0.000000000E+00	0.000000000E+00	5.000000000E+02	3.000000000E+02
3.251700000E-01	7.988511100E-04	0.000000000E+00	0.000000000E+00	5.000000000E+02	3.000000000E+02
3.371700000E-01	7.988511100E-04	0.000000000E+00	0.000000000E+00	5.000000000E+02	3.000000000E+02
3.491700000E-01	7.988511100E-04	0.000000000E+00	0.000000000E+00	5.000000000E+02	3.000000000E+02
3.611700000E-01	7.988511100E-04	0.000000000E+00	0.000000000E+00	5.000000000E+02	3.000000000E+02
3.731700000E-01	7.988511100E-04	0.000000000E+00	0.000000000E+00	5.000000000E+02	3.000000000E+02
3.851700000E-01	7.988511100E-04	0.000000000E+00	0.000000000E+00	5.000000000E+02	3.000000000E+02
3.971700000E-01	7.988511100E-04	0.000000000E+00	0.000000000E+00	5.000000000E+02	3.000000000E+02
4.091700000E-01	7.988511100E-04	0.000000000E+00	0.000000000E+00	5.000000000E+02	3.000000000E+02
4.211700000E-01	7.988511100E-04	0.000000000E+00	0.000000000E+00	5.000000000E+02	3.000000000E+02
4.331700000E-01	7.988511100E-04	0.000000000E+00	0.000000000E+00	5.000000000E+02	3.000000000E+02
4.454580000E-01	7.988511100E-04	0.000000000E+00	0.000000000E+00	5.000000000E+02	3.000000000E+02
4.516020000E-01	7.988511100E-04	0.000000000E+00	0.000000000E+00	5.000000000E+02	3.000000000E+02
4.546740000E-01	7.988511100E-04	0.000000000E+00	0.000000000E+00	5.000000000E+02	3.000000000E+02
4.562100000E-01	7.988511100E-04	0.000000000E+00	0.000000000E+00	5.000000000E+02	3.000000000E+02
4.569780000E-01	7.988511100E-04	0.000000000E+00	0.000000000E+00	5.000000000E+02	3.000000000E+02
4.573620000E-01	7.988511100E-04	0.000000000E+00	0.000000000E+00	5.000000000E+02	3.000000000E+02
4.575540000E-01	7.988511100E-04	0.000000000E+00	0.000000000E+00	5.000000000E+02	3.000000000E+02
4.576500000E-01	7.988511100E-04	0.000000000E+00	0.000000000E+00	5.000000000E+02	3.000000000E+02
4.576980000E-01	7.988511100E-04	0.000000000E+00	0.000000000E+00	5.000000000E+02	3.000000000E+02
4.577220000E-01	7.988511100E-04	0.000000000E+00	0.000000000E+00	5.000000000E+02	3.000000000E+02
4.577340000E-01	7.988511100E-04	0.000000000E+00	0.000000000E+00	5.000000000E+02	3.000000000E+02
4.577400000E-01	7.988511100E-04	0.000000000E+00	0.000000000E+00	5.000000000E+02	3.000000000E+02
4.577460000E-01	7.988511100E-04	0.000000000E+00	0.000000000E+00	5.000000000E+02	3.000000000E+02
4.577520000E-01	7.988511100E-04	0.000000000E+00	0.000000000E+00	5.000000000E+02	3.000000000E+02
4.577580000E-01	7.988511100E-04	0.000000000E+00	0.000000000E+00	5.000000000E+02	3.000000000E+02
4.577640000E-01	7.988511100E-04	0.000000000E+00	0.000000000E+00	5.000000000E+02	3.000000000E+02
4.577700000E-01	7.988511100E-04	0.000000000E+00	0.000000000E+00	5.000000000E+02	3.000000000E+02
4.577760000E-01	7.988511100E-04	0.000000000E+00	0.000000000E+00	5.000000000E+02	3.000000000E+02
4.577820000E-01	7.988511100E-04	0.000000000E+00	0.000000000E+00	5.000000000E+02	3.000000000E+02
4.577880000E-01	7.988511100E-04	0.000000000E+00	0.000000000E+00	5.000000000E+02	3.000000000E+02
4.577940000E-01	7.988511100E-04	0.000000000E+00	0.000000000E+00	5.000000000E+02	3.000000000E+02
4.578000000E-01	7.988511100E-04	0.000000000E+00	0.000000000E+00	5.000000000E+02	3.000000000E+02
4.578060000E-01	7.988511100E-04	0.000000000E+00	0.000000000E+00	5.000000000E+02	3.000000000E+02
4.578180000E-01	7.988511100E-04	0.000000000E+00	0.000000000E+00	5.000000000E+02	3.000000000E+02
4.578420000E-01	7.988511100E-04	0.000000000E+00	0.000000000E+00	5.000000000E+02	3.000000000E+02
4.578900000E-01	7.988511100E-04	0.000000000E+00	0.000000000E+00	5.000000000E+02	3.000000000E+02
4.579860000E-01	7.988511100E-04	0.000000000E+00	0.000000000E+00	5.000000000E+02	3.000000000E+02
4.581000000E-01	7.988511100E-04	0.000000000E+00	0.000000000E+00	5.000000000E+02	3.000000000E+02
4.582140000E-01	7.988511100E-04	0.000000000E+00	0.000000000E+00	5.000000000E+02	3.000000000E+02
4.583100000E-01	7.988511100E-04	0.000000000E+00	0.000000000E+00	5.000000000E+02	3.000000000E+02
4.583580000E-01	7.988511100E-04	0.000000000E+00	0.000000000E+00	5.000000000E+02	3.000000000E+02
4.583820000E-01	7.988511100E-04	0.000000000E+00	0.000000000E+00	5.000000000E+02	3.000000000E+02
4.583940000E-01	7.988511100E-04	0.000000000E+00	0.000000000E+00	5.000000000E+02	3.000000000E+02
4.584000000E-01	7.988511100E-04	0.000000000E+00	0.000000000E+00	5.000000000E+02	3.000000000E+02
4.584060000E-01	7.988511100E-04	0.000000000E+00	0.000000000E+00	5.000000000E+02	3.000000000E+02
4.584120000E-01	7.988511100E-04	0.000000000E+00	0.000000000E+00	5.000000000E+02	3.000000000E+02
4.584180000E-01	7.988511100E-04	0.000000000E+00	0.000000000E+00	5.000000000E+02	3.000000000E+02
4.584240000E-01	7.988511100E-04	0.000000000E+00	0.000000000E+00	5.000000000E+02	3.000000000E+02
4.584300000E-01	7.988511100E-04	0.000000000E+00	0.000000000E+00	5.000000000E+02	3.000000000E+02
4.584360000E-01	7.988511100E-04	0.000000000E+00	0.000000000E+00	5.000000000E+02	3.000000000E+02
4.584420000E-01	7.988511100E-04	0.000000000E+00	0.000000000E+00	5.000000000E+02	3.000000000E+02
4.584480000E-01	7.988511100E-04	0.000000000E+00	0.000000000E+00	5.000000000E+02	3.000000000E+02
4.584540000E-01	7.988511100E-04	0.000000000E+00	0.000000000E+00	5.000000000E+02	3.000000000E+02
4.584600000E-01	7.988511100E-04	0.000000000E+00	0.000000000E+00	5.000000000E+02	3.000000000E+02
4.584660000E-01	7.988511100E-04	0.000000000E+00	0.000000000E+00	5.000000000E+02	3.000000000E+02
4.584780000E-01	7.988511100E-04	0.000000000E+00	0.000000000E+00	5.000000000E+02	3.000000000E+02
4.585020000E-01	7.988511100E-04	0.000000000E+00	0.000000000E+00	5.000000000E+02	3.000000000E+02
4.585500000E-01	7.988511100E-04	0.000000000E+00	0.000000000E+00	5.000000000E+02	3.000000000E+02
4.586460000E-01	7.988511100E-04	0.000000000E+00	0.000000000E+00	5.000000000E+02	3.000000000E+02
4.588380000E-01	7.988511100E-04	0.000000000E+00	0.000000000E+00	5.000000000E+02	3.000000000E+02
4.592220000E-01	7.988511100E-04	0.000000000E+00	0.000000000E+00	5.000000000E+02	3.000000000E+02
4.599900000E-01	7.988511100E-04	0.000000000E+00	0.000000000E+00	5.000000000E+02	3.000000000E+02
4.615260000E-01	7.988511100E-04	0.000000000E+00	0.000000000E+00	5.000000000E+02	3.000000000E+02
4.627560000E-01	7.988511100E-04	0.000000000E+00	0.000000000E+00	5.000000000E+02	3.000000000E+02
4.639860000E-01	7.988511100E-04	0.000000000E+00	0.000000000E+00	5.000000000E+02	3.000000000E+02
4.652062200E-01	7.988511100E-04	0.000000000E+00	0.000000000E+00	5.000000000E+02	3.000000000E+02
4.661175000E-01	7.988511100E-04	0.000000000E+00	0.000000000E+00	5.000000000E+02	3.000000000E+02
4.667250000E-01	7.988511100E-04	0.000000000E+00	0.000000000E+00	5.000000000E+02	3.000000000E+02
4.671300000E-01	7.988511100E-04	0.000000000E+00	0.000000000E+00	5.000000000E+02	3.000000000E+02
4.674000000E-01	7.988511100E-04	0.000000000E+00	0.000000000E+00	5.000000000E+02	3.000000000E+02
4.675800000E-01	7.988511100E-04	0.000000000E+00	0.000000000E+00	5.000000000E+02	3.000000000E+02
4.677000000E-01	7.988511100E-04	0.000000000E+00	0.000000000E+00	5.000000000E+02	3.000000000E+02
4.678200000E-01	7.988511100E-04	0.000000000E+00	0.000000000E+00	5.000000000E+02	3.000000000E+02
4.680000000E-01	7.988511100E-04	0.000000000E+00	0.000000000E+00	5.000000000E+02	3.000000000E+02
4.683000000E-01	7.988511100E-04	0.000000000E+00	0.000000000E+00	5.000000000E+02	3.000000000E+02
4.701000000E-01	7.988511100E-04	0.000000000E+00	0.000000000E+00	5.000000000E+02	3.000000000E+02
4.704000000E-01	7.988511100E-04	0.000000000E+00	0.000000000E+00	5.000000000E+02	3.000000000E+02
4.705800000E-01	7.988511100E-04	0.000000000E+00	0.000000000E+00	5.000000000E+02	3.000000000E+02
4.707000000E-01	7.988511100E-04	0.000000000E+00	0.000000000E+00	5.000000000E+02	3.000000000E+02
4.708200000E-01	7.988511100E-04	0.000000000E+00	0.000000000E+00	5.000000000E+02	3.000000000E+02
4.710000000E-01	7.988511100E-04	0.000000000E+00	0.000000000E+00	5.000000000E+02	3.000000000E+02
4.712700000E-01	7.988511100E-04	0.000000000E+00	0.000000000E+00	5.000000000E+02	3.000000000E+02
4.716750000E-01	7.988511100E-04	0.000000000E+00	0.000000000E+00	5.000000000E+02	3.000000000E+02
4.722825000E-01	7.988511100E-04	0.000000000E+00	0.000000000E+00	5.000000000E+02	3.000000000E+02
4.731937200E-01	7.988511100E-04	0.000000000E+00	0.000000000E+00	5.000000000E+02	3.000000000E+02
4.744140000E-01	7.988511100E-04	0.000000000E+00	0.000000000E+00	5.000000000E+02	3.000000000E+02
4.756440000E-01	7.988511100E-04	0.000000000E+00	0.000000000E+00	5.000000000E+02	3.000000000E+02
4.768740000E-01	7.988511100E-04	0.000000000E+00	0.000000000E+00	5.000000000E+02	3.000000000E+02
4.784100000E-01	7.988511100E-04	0.000000000E+00	0.000000000E+00	5.000000000E+02	3.000000000E+02
4.791780000E-01	7.988511100E-04	0.000000000E+00	0.000000000E+00	5.000000000E+02	3.000000000E+02
4.795620000E-01	7.988511100E-04	0.000000000E+00	0.000000000E+00	5.000000000E+02	3.000000000E+02
4.797540000E-01	7.988511100E-04	0.000000000E+00	0.000000000E+00	5.000000000E+02	3.000000000E+02
4.798500000E-01	7.988511100E-04	0.000000000E+00	0.000000000E+00	5.000000000E+02	3.000000000E+02
4.798980000E-01	7.988511100E-04	0.000000000E+00	0.000000000E+00	5.000000000E+02	3.000000000E+02
4.799220000E-01	7.988511100E-04	0.000000000E+00	0.000000000E+00	5.000000000E+02	3.000000000E+02
4.799340000E-01	7.988511100E-04	0.000000000E+00	0.000000000E+00	5.000000000E+02	3.000000000E+02
4.799400000E-01	7.988511100E-04	0.000000000E+00	0.000000000E+00	5.000000000E+02	3.000000000E+02
4.799460000E-01	7.988511100E-04	0.000000000E+00	0.000000000E+00	5.000000000E+02	3.000000000E+02
4.799520000E-01	7.988511100E-04	0.000000000E+00	0.000000000E+00	5.000000000E+02	3.000000000E+02
4.799580000E-01	7.988511100E-04	0.000000000E+00	0.000000000E+00	5.000000000E+02	3.000000000E+02
4.799640000E-01	7.988511100E-04	0.000000000E+00	0.000000000E+00	5.000000000E+02	3.000000000E+02
4.799700000E-01	7.988511100E-04	0.000000000E+00	0.000000000E+00	5.000000000E+02	3.000000000E+02
4.799760000E-01	7.988511100E-04	0.000000000E+00	0.000000000E+00	5.000000000E+02	3.000000000E+02
4.799820000E-01	7.988511100E-04	0.000000000E+00	0.000000000E+00	5.000000000E+02	3.000000000E+02
4.799880000E-01	7.988511100E-04	0.000000000E+00	0.000000000E+00	5.000000000E+02	3.000000000E+02
4.799940000E-01	7.988511100E-04	0.000000000E+00	0.000000000E+00	5.000000000E+02	3.000000000E+02
4.800000000E-01	7.988511100E-04	0.000000000E+00	0.000000000E+00	5.000000000E+02	3.000000000E+02